image_width: 720
image_height: 540
camera_name: 19367010
camera_matrix:
  rows: 3
  cols: 3
  data: [543.86385437, 0.0, 350.121397494, 0.0, 543.731783307, 267.224392054, 0.0, 0.0, 1.0]        
distortion_model: equidistant
distortion_coefficients:
  rows: 1
  cols: 5
  data: [-0.110212186929, -0.033983066058, 0.0122281120885, -0.000489995109385, 0]
rectification_matrix:
  rows: 3
  cols: 3
  data: [1, 0, 0, 0, 1, 0, 0, 0, 1]
projection_matrix:
  rows: 3
  cols: 4
  data: [543.86385437, 0.0, 350.121397494, 0, 0, 543.731783307, 267.224392054, 0, 0, 0, 1, 0]